INTRUDUGTJLON. XX?

13. 3333 [1131133333 33131 331 3331 3133 13 3311133333 113
dem-ain& Ι033311 11 33131 133 33311311333 [13 Galba 33 133
1333331311333 313 1133333133, quand 11 3311 Vitellius, 333
3 333, Τ33113 33 3311-11 33131 31313 3 3133333313 133 13-
13311333 3333 133 3333133, 133 33333133 3333 133 33133,
1113331133 333313 3313ῑῗ a Ν“331-33 33131 33331 31333133
1113131333 qu’il 3333 3 333113 333 3133, 31 [[3Ἦ 3 333111
a 11 33 331111 333 [13 13133 3331131133 133 3331331133 31 133
1113333 333333 333 3311333, 331 3331 3333331 13 fait 33
11333331, 11 133133 1133333313 13 33113 31 133 33333313
3331333Ε Η Gn. 331 11333 333333 [13 1333333 3313 Γ133113 1331
331133 31333 133 Histoi-ms : 3“331 13 [33313 333313 [1·’3331]*33,
13 [33133 33133113 11333 133 Ι133-3133313, 33333 333 3331, 13
313313 333331333333 313 33333 11331313, 13 313313 3333331
1133 1313 [13 13 1333313, 33 33 133113 133313 3333331133 du:
Γ111313133.

1133333331 33 3 1313 33 Ι113313 333 1313331131113, 31 33
1313 3333331131 333313331331 33 [133111 33 niffen-:1 13 3133
33 33113111, [ravair 31133333 113313 13 1331133113 3313311 313
[1“1333333313333, 11 3’331 3133 313 3133 1333331 31 313 3133
1313313. [In 3’3 333 13 313311 [Γ3333133 3331133113 13 333ψ
1133131133 113 33 3333313333, 31 3311313333 3 13 3333133
3131111333 13 33333113 [13 3331333133313, Sat-15 113313 11 3331
333 131333311113 [13 3313331· 31133 131 33313333 33333333
1133331133, 33313333 1333113313 1133113 33333133 33 333
133-3331113311 11 3 1333 1“11311113[13 313 tout venir 3333 113
3313113133 33313333, 111313 3111 3 fait 1133 31333313 3313333
133 1133133113 33333333 333 ron 3311, 33 3133133131333
333333 de 13 3333311333, 31 333 113133 du 3331313 131--
3331315. 1233133 11 3313133 13 33333, 31 133 33333331333
1111113333 31 ’,3333333 331 31133 131 333 Ί331333 313331133311.

1. [tf. Τ33., mss. 1, 115 fin* 1313 saka specim 1133313113 {rw-fle.

2. [1. Nisam, ,[-33 qum-’ru 3333313 5, 5111333113 3333113333 lira nm:
31313τῆ333 latim [Paria. 1331313113 1331133 33113133Ἐ.[1333313, 113333
mm 13311, 3. 311. 331-133313. 1111111. 133133.

3. [21.Τ33,, 311331, 3. in. 3. ΕΓ. Τ33., Hm* 1, 3 inq* 11, fi

ἐι. ΕΓ. Τ33., Hm. Ι, 1, 33313331- 31 113...

